; ------------------------------------------------
; Fit results:
; ============
; [1,1] amorphous boron: Thickness [nm] = 92.07656
; amorphous boron: N0 = 2.54600
; amorphous boron: N1 = 4017.90000
; amorphous boron: N2 = -5964.50000
; amorphous boron: K0 = -0.00200
; amorphous boron: K1 = -352.24300
; amorphous boron: K2 = -253.47100
; ------------------------------------------------
;pattern=*****
;lines
;linecolor=008000
;linewidth=1
;marker=0
;markerborder=0
;markercolor=ff
;
; Stylerecord: No. 1
;Marker[1]=0
;MarkerWidth[1]=0.0
;MarkerBorder[1]=black
;MarkerColor[1]=white
;lines[1]=1
;LineColor[1]=black
;LineWidth[1]=0.0
;Pattern[1]=*****--*--
; Stylerecord: No. 2
;Marker[2]=0
;MarkerWidth[2]=0.0
;MarkerBorder[2]=black
;MarkerColor[2]=white
;lines[2]=1
;LineColor[2]=black
;LineWidth[2]=0.0
;Pattern[2]=**
; Stylerecord: No. 3
;Marker[3]=0
;MarkerWidth[3]=0.0
;MarkerBorder[3]=black
;MarkerColor[3]=white
;lines[3]=1
;LineColor[3]=black
;LineWidth[3]=0.0
;Pattern[3]=*-
; Stylerecord: No. 4
;Marker[4]=0
;MarkerWidth[4]=0.0
;MarkerBorder[4]=black
;MarkerColor[4]=white
;lines[4]=1
;LineColor[4]=black
;LineWidth[4]=0.0
;Pattern[4]=**--
; Stylerecord: No. 5
;Marker[5]=0
;MarkerWidth[5]=0.0
;MarkerBorder[5]=black
;MarkerColor[5]=white
;lines[5]=1
;LineColor[5]=black
;LineWidth[5]=0.0
;Pattern[5]=***-*-
; Stylerecord: No. 6
;Marker[6]=0
;MarkerWidth[6]=0.0
;MarkerBorder[6]=black
;MarkerColor[6]=white
;lines[6]=1
;LineColor[6]=black
;LineWidth[6]=0.0
;Pattern[6]=**-*-
450.367737	29.642559	169.059021	20.646530	155.610565	12.114040	113.171913
451.222321	29.961670	170.295151	20.579580	156.239441	12.562030	112.450737
452.076904	30.212009	168.722687	20.990971	154.522003	12.811530	113.213997
452.931458	29.818140	167.848373	21.045620	155.962006	11.783920	114.453796
453.786041	29.857880	168.597000	21.092449	155.472824	12.699720	112.804764
454.640625	30.176081	166.972076	21.306250	153.856995	13.697180	113.060783
455.495209	30.010120	167.922226	21.155500	154.815063	13.387800	113.820099
456.349762	30.780600	167.503128	21.454729	153.626404	12.948030	113.428581
457.204346	29.911831	167.433960	21.277100	153.057739	13.013780	115.263817
458.058929	30.355181	168.027451	21.445431	153.950211	13.728110	113.395622
458.913483	30.219650	168.249359	21.625589	153.796661	13.053250	114.307640
459.768066	30.376141	166.890289	21.931999	152.921341	13.751160	114.493149
460.622650	29.954889	167.646164	21.600000	153.355774	13.729370	114.719177
461.477203	30.378611	168.171143	21.893311	153.031982	13.517250	115.947701
462.331787	30.694599	166.692963	22.212790	152.178818	13.365410	114.900887
463.186371	30.452959	167.220108	22.398590	152.405060	14.465580	114.187531
464.040924	30.258089	166.764450	22.044310	152.171188	14.270150	114.681488
464.895508	30.591499	166.336548	22.487419	151.622513	14.366670	114.420593
465.750092	31.155251	166.866684	22.349319	151.751587	14.112740	116.004303
466.604645	30.883970	166.578186	22.501551	151.950302	14.525710	116.507813
467.459229	31.226990	165.111603	22.409281	151.867462	14.867670	115.336090
468.313812	31.312950	166.854767	22.831400	150.757355	15.598430	114.203880
469.168365	31.302040	165.057419	22.880030	150.674271	14.952580	117.722717
470.022949	30.911970	166.281937	22.798800	151.399338	15.988770	113.601303
470.877533	30.704500	166.057571	23.107639	150.864456	15.436820	116.079063
471.732086	31.524679	165.201401	23.217739	150.941895	15.557530	116.771202
472.586670	30.948891	166.189957	23.431160	151.047302	15.326460	116.665154
473.441254	31.009529	165.262985	23.064560	151.896698	15.961330	116.254181
474.295807	31.514429	166.577911	23.761230	150.784897	16.641251	115.892677
475.150391	30.786850	164.947968	23.453030	150.121201	16.232071	115.683746
476.004974	31.173460	165.105713	24.090250	150.349243	16.448771	117.308640
476.859528	31.351460	165.410110	23.930420	150.617111	16.336290	117.359062
477.714111	31.286100	164.656494	24.228411	150.616043	16.173870	118.101700
478.568695	32.236320	165.207870	24.235649	150.925797	16.311569	117.980171
479.423248	31.817499	165.261932	24.200251	151.248306	16.715290	118.889008
480.277832	31.919760	165.413086	24.540260	151.056015	16.801861	118.228394
481.132416	31.217421	165.471603	24.505880	151.210922	16.494320	120.159653
481.986969	31.839939	164.158295	24.795580	150.655106	16.954220	118.911827
482.841553	32.309582	164.188110	24.844049	150.324112	16.976061	119.107651
483.696136	32.384918	163.412796	24.921989	150.365387	17.357071	118.617844
484.550690	32.600460	164.824631	25.088320	150.858353	17.388630	119.474220
485.405273	32.468849	164.142197	25.072580	150.457535	17.372280	119.985191
486.259857	32.511009	163.594711	25.216829	151.374008	17.302460	118.931808
487.114410	33.371620	163.518784	25.112249	150.855347	17.831739	120.598419
487.968994	32.008999	166.041397	25.318430	150.947327	17.655880	119.677162
488.823578	32.430901	165.468781	25.289360	151.155457	18.238060	120.083809
489.678131	32.990021	164.356735	25.819700	151.259628	18.377831	120.484940
490.532715	33.346210	165.140823	25.809780	150.328857	18.524220	120.878479
491.387299	32.789570	163.593994	25.954500	150.382980	18.897221	119.911583
492.241882	32.547951	164.991333	25.741360	150.967316	18.248610	121.848328
493.096436	32.455139	164.054367	26.051371	151.022064	18.158039	121.907501
493.951019	32.883549	163.856796	26.309710	151.444824	18.451059	122.163986
494.805603	33.255379	163.833694	26.339081	152.316864	18.841290	122.431259
495.660156	32.829441	164.592972	26.229340	151.044312	19.143021	122.622383
496.514740	32.915169	166.746094	26.580370	151.419189	18.562441	122.733093
497.369324	33.274609	164.499237	26.479971	150.605057	19.047409	123.033730
498.223877	32.723888	165.259491	26.646360	151.731979	18.268259	123.414970
499.078461	33.815910	164.688065	26.684299	151.795166	19.028521	125.137863
499.933044	33.596981	163.774887	26.520121	151.567703	19.516319	123.737846
500.787598	33.836891	164.881058	27.193081	151.300507	19.680460	123.220848
501.642181	33.667648	164.919113	27.066210	151.546005	19.845221	124.027802
502.496765	33.709129	164.446121	27.188641	151.657333	19.567511	124.948547
503.351318	33.865238	166.122925	26.700529	152.197952	19.459181	127.125870
504.205902	34.394039	164.322861	27.528370	152.139771	19.682760	125.691940
505.060486	34.111198	163.771927	27.406910	153.371017	20.275290	125.057167
505.915039	33.538479	164.167709	27.377819	152.354813	19.688721	126.938972
506.769623	33.352230	164.597672	27.683359	151.597916	19.577560	127.485603
507.624207	34.750229	164.860168	27.447470	152.109558	19.404190	126.656738
508.478760	34.491631	165.457855	28.169661	152.209900	19.102760	127.615250
509.333344	34.210072	165.999069	28.069990	153.416229	20.562269	127.244019
510.187927	33.677681	164.874481	28.406969	153.408035	20.953569	126.703300
511.042480	33.985371	165.247467	28.290840	153.752213	20.455959	128.849960
511.897064	34.584930	164.233200	28.248610	152.916458	20.310320	129.274841
512.751648	34.648861	165.762405	28.190889	152.752487	20.739161	127.893181
513.606201	34.050640	166.150681	28.199640	152.937698	20.541889	128.719833
514.460815	34.939369	164.416382	28.189251	153.085663	21.709351	128.592865
515.315369	34.883289	165.968094	28.050190	153.614609	21.054060	129.212860
516.169922	35.081661	167.024780	28.224630	154.264526	20.661209	131.160919
517.024536	33.969280	164.467896	28.697411	153.941879	21.343250	129.340424
517.879089	35.294209	164.201660	28.472679	154.326126	21.220030	129.797729
518.733643	35.454571	167.358154	28.769239	154.600616	20.468010	130.521271
519.588257	35.416290	166.155594	28.826780	153.196930	21.632441	131.576660
520.442810	35.193211	166.409286	28.899401	154.461975	21.299330	131.766479
521.297363	35.449970	166.832687	28.875931	154.810959	21.722460	131.475967
522.151978	35.018929	166.049149	29.576910	155.446960	21.041639	134.978119
523.006531	35.877090	165.632111	29.398729	154.226395	21.856819	132.489594
523.861084	35.148159	166.165085	30.157040	155.279877	20.848789	134.037430
524.715698	35.189739	166.804352	29.415831	155.452667	21.445339	133.141098
525.570251	35.514099	167.066360	29.391010	155.721054	20.959930	134.432846
526.424805	35.106972	166.021530	29.177540	154.145721	21.603519	133.493866
527.279419	34.995258	166.166718	29.580050	156.083252	21.430990	134.683167
528.133972	35.377121	165.836533	29.734131	154.852249	22.640100	133.308243
528.988525	35.721882	167.134399	29.668800	155.153595	22.512951	134.869904
529.843140	35.873631	166.868866	29.995541	155.478622	21.885099	136.450272
530.697693	35.774712	165.634354	29.900990	155.905670	21.992661	134.852921
531.552246	36.452969	166.523773	29.681170	155.777740	22.146040	135.781677
532.406860	36.238289	166.122055	30.318569	155.621735	21.830940	137.710815
533.261414	35.955971	165.933014	30.003710	156.079071	22.581350	136.223328
534.115967	35.159031	167.154633	30.250370	156.864624	22.643070	136.303421
534.970581	35.910240	166.937027	30.151979	157.381042	22.637381	136.625412
535.825134	36.214630	167.714081	30.305189	157.030365	22.438629	137.670166
536.679688	36.050110	167.942688	30.278450	157.093155	22.636511	138.891617
537.534302	36.292000	168.249023	30.503481	157.369034	22.667959	137.928955
538.388855	36.132000	167.973328	30.565941	157.548416	22.601870	138.671967
539.243408	36.337349	167.094116	30.751659	157.579956	22.607960	138.730103
540.098022	36.775890	167.685669	30.607321	157.510529	22.976870	138.529770
540.952576	36.894958	166.848740	30.459530	158.083649	23.206739	138.272552
541.807129	36.193722	167.196350	30.701000	158.090881	23.179501	139.507385
542.661743	36.823219	167.678772	30.574490	158.538681	22.693340	139.417114
543.516296	36.106129	167.957947	30.877390	158.676468	23.142450	140.337494
544.370850	36.619881	167.144165	30.795130	158.558472	23.201340	140.222458
545.225464	37.016029	166.897293	30.963240	158.363800	23.199770	141.626694
546.080017	36.542728	168.654907	31.375280	159.206345	23.199011	140.744431
546.954773	37.007881	168.222870	30.983971	158.880096	23.199089	141.141129
547.829529	36.212009	167.553070	31.039860	158.944809	23.064329	141.554825
548.704346	36.378979	168.168060	31.215389	159.187851	23.511230	141.831970
549.579102	36.927681	168.154617	31.314720	159.250763	23.347561	142.421875
550.453857	36.712959	167.769211	31.217110	159.449600	23.695311	142.368240
551.328613	36.539970	167.051743	31.677641	159.214523	23.275021	142.515808
552.203369	36.410091	168.519135	31.291580	159.915283	23.499941	143.038498
553.078125	36.698372	169.128555	31.381010	159.766205	23.824310	143.346375
553.952942	37.125420	168.380859	31.649771	160.462830	23.280371	144.412521
554.827698	36.707989	169.930786	31.357161	160.328049	23.926769	143.953125
555.702454	36.709721	169.408127	31.403259	160.050598	23.760160	144.466599
556.577209	36.353958	169.870789	31.592920	160.460220	23.645800	144.894363
557.451965	37.076061	167.040176	31.720110	160.624512	24.061741	144.915024
558.326782	36.658569	168.247574	31.758110	160.732681	23.939899	143.737015
559.201538	37.264172	169.821182	31.685089	160.684494	24.074930	144.948746
560.076294	37.064751	168.387177	31.909910	161.053253	23.890209	146.694427
560.951050	37.495480	169.515869	31.779610	161.618973	23.971729	145.942474
561.825806	37.008831	168.067505	31.669140	161.921570	23.844900	146.491913
562.700623	37.139648	169.049728	31.921709	161.271805	24.240919	146.522186
563.575378	37.841091	168.896072	32.176262	161.385040	24.128450	146.875549
564.450134	37.512730	168.796310	32.152611	161.872696	24.473379	147.240784
565.324890	37.196159	169.827438	31.781891	162.280426	24.291300	148.294312
566.199646	37.433449	169.496536	31.927111	162.341644	24.217871	147.861435
567.074402	37.119732	168.436935	32.052021	162.726471	24.434839	148.028763
567.949219	37.634319	169.905151	32.060581	162.504532	24.477831	148.070984
568.823975	37.241169	169.353516	32.043060	162.658081	24.501600	148.703278
569.698730	37.885090	169.311295	32.264530	163.189697	24.721710	148.778442
570.573486	37.633820	170.545303	32.341660	163.059311	24.464830	149.441025
571.448242	37.674641	170.395081	32.246552	163.185730	24.618601	149.945145
572.323059	37.900558	169.860992	32.380192	163.589157	24.422359	150.221527
573.197815	37.440529	170.207596	32.512180	163.255768	24.558170	150.651123
574.072571	37.577702	170.349655	32.474411	164.205719	24.662180	150.883957
574.947327	37.695660	170.464691	32.645481	163.969772	24.607510	151.159317
575.822083	37.634102	169.616241	32.747261	163.798111	24.812210	151.450775
576.696899	37.067242	170.708282	32.666790	163.977402	24.956961	151.450333
577.571655	37.823738	170.703537	32.402618	164.393936	24.609619	151.538177
578.446411	37.851212	171.309540	32.421890	164.327225	24.738091	151.720413
579.321167	37.664749	169.987961	32.636181	164.749039	24.919800	151.997269
580.195923	38.072151	170.846680	32.746441	164.752548	24.980499	152.732925
581.070679	37.727230	170.950531	32.772850	165.120651	24.852810	152.641968
581.945496	37.848770	170.959229	32.662560	165.166763	24.826229	152.966843
582.820251	38.044300	171.112625	32.755711	165.623947	25.031200	153.343094
583.695007	38.014400	171.161392	32.656170	165.081543	24.954140	153.364853
584.569763	38.203461	171.207977	32.770191	165.120697	25.189751	153.987381
585.444519	38.312500	171.028900	33.006359	165.792389	25.268990	154.448883
586.319336	38.595680	170.990860	33.136421	165.406708	25.215469	154.882095
587.194092	38.250610	171.156509	32.807652	165.508072	25.196110	155.301331
588.068848	38.281849	171.328217	32.677521	166.336960	25.223181	154.942184
588.943604	38.075699	170.593460	32.813030	165.894943	25.449511	155.496735
589.818359	38.116051	171.146179	32.884048	166.137894	25.277559	155.884201
590.693115	37.736240	172.387573	32.999470	167.077835	25.103081	156.153702
591.567932	38.041000	171.894348	32.933971	166.671219	25.468920	156.703873
592.442688	37.873909	171.451401	33.123829	166.789520	25.251181	156.873672
593.317444	38.648880	172.741714	33.150200	166.974594	25.438169	157.173035
594.192200	38.426392	171.657364	33.314468	167.308182	25.400990	157.747330
595.066956	38.443081	172.617035	33.199409	167.236374	25.357220	157.299484
595.941772	37.990261	172.365631	33.352810	167.371857	25.319941	157.878723
596.816528	38.416920	171.579788	33.379261	167.985748	25.579470	158.252960
597.691284	38.498402	172.019470	33.449928	168.068771	25.516359	157.991989
598.566040	38.366520	172.425034	33.234169	167.814651	25.587500	159.033188
599.440796	37.727852	172.250473	33.567501	167.551453	25.356060	159.417679
600.315613	38.239021	172.016541	33.251289	168.244141	25.594170	159.148560
601.190369	38.642120	172.629944	33.459641	168.319534	25.603491	159.724915
602.065125	37.621201	172.998535	33.155380	168.299194	25.661200	159.725189
602.939880	38.088120	172.046234	33.600559	168.877197	25.534929	160.063583
603.814636	38.439041	173.023849	33.553879	168.836029	25.660891	161.000290
604.689392	38.270710	172.201462	33.888828	168.772385	25.822041	160.405350
605.564209	38.871571	174.456665	33.405079	169.469009	25.813620	160.734940
606.438965	38.665749	171.721039	33.240879	169.542053	25.880680	160.959427
607.313721	38.446129	173.340332	33.203400	169.354507	25.979059	161.603287
608.188477	38.439480	173.482758	33.635658	168.843674	25.871410	161.872833
609.063232	38.242790	173.481888	33.474510	169.688721	25.658279	162.087479
609.938049	38.688519	172.794083	33.661880	169.775742	25.818029	162.132614
610.812805	38.809860	172.760300	33.539841	170.182388	26.202080	163.073181
611.687561	38.258099	172.400436	33.548382	170.389755	25.758011	162.925766
612.562317	38.514809	174.039383	33.625389	170.374222	25.921709	163.380951
613.437073	38.731979	174.543320	33.583569	171.064850	25.737240	163.431351
614.311890	38.071831	174.522614	33.790161	170.459641	26.043980	163.705017
615.186646	39.169441	173.135498	33.759838	170.471161	25.844440	163.790314
616.061401	38.127491	174.572723	33.880230	170.319931	26.142450	164.399765
616.936157	38.279018	174.760193	33.782242	171.056900	25.981039	164.472260
617.810913	38.288689	174.240051	33.648842	171.345001	26.109020	164.900238
618.685669	38.736229	174.455276	33.670750	170.807755	25.958679	165.098663
619.560486	38.906620	175.172287	33.851509	171.485382	26.171659	165.239014
620.435242	38.428841	174.435181	33.772202	171.356995	26.184891	166.371323
621.309998	38.505119	173.948486	33.907379	171.492844	26.082911	166.114502
622.184753	38.845131	175.149261	34.016201	172.050293	26.268129	166.907501
623.059509	38.585972	174.693115	34.058929	172.119141	26.125370	166.727905
623.934326	38.635578	174.458572	34.013340	172.581696	26.340860	167.374176
624.809082	38.385281	174.738449	33.831741	172.711639	26.343611	166.958466
625.683838	38.788872	175.485168	33.954140	172.918488	26.130930	167.269333
626.558594	37.902000	173.875076	34.122551	173.082428	26.333830	167.735657
627.433350	38.254871	174.916199	34.047009	172.288254	26.225420	168.087997
628.308105	38.241539	176.034622	33.889820	172.714462	26.385160	168.442078
629.182922	39.088310	175.625076	34.116379	173.018677	26.479120	168.518356
630.057678	38.693501	176.803101	34.104160	173.289780	26.402941	168.664200
630.932434	38.610020	175.020294	34.069630	173.636780	26.231050	168.886169
631.807190	38.706490	175.621155	33.880569	173.562439	26.429489	169.201706
632.681946	38.897591	175.178024	34.113529	173.342163	26.251230	169.251251
633.556763	38.660469	175.921097	34.010540	173.346222	26.435690	170.188263
634.431519	39.210678	176.712662	34.044201	173.842270	26.417660	170.547195
635.306274	39.328320	177.136688	34.135651	173.825882	26.429670	170.715469
636.181030	38.995300	175.763184	34.117168	174.222641	26.525780	170.728607
637.055786	38.676060	176.662521	33.981270	174.242996	26.328329	171.056030
637.930603	38.422871	177.607437	34.218929	174.388672	26.386971	170.808380
638.805359	39.076580	176.027725	33.969311	174.687500	26.416260	171.181625
639.680115	38.983589	176.015945	34.124950	174.609421	26.601379	172.073975
640.554871	38.653790	177.534241	34.183601	174.919998	26.503059	171.875198
641.429626	39.854031	176.026993	34.084160	174.856750	26.429590	172.144669
642.304382	38.835388	178.291397	34.212921	174.903549	26.496120	172.334015
643.179199	38.370831	176.985275	34.386452	175.336578	26.513680	173.068985
644.053955	38.828548	177.783615	34.219040	175.337646	26.523439	173.029251
644.928711	38.369461	175.843750	34.363178	175.705078	26.434811	173.269333
645.803467	39.032711	176.478470	34.082691	175.631882	26.547350	173.860443
646.678223	38.826199	176.908188	34.354820	175.954712	26.517071	173.521667
647.553040	38.838940	177.275650	34.256599	176.228668	26.475410	173.764236
648.427795	39.050331	176.869858	33.982361	176.003021	26.532669	174.820190
649.302551	38.602810	178.321381	34.062630	176.200226	26.401440	174.901764
650.177307	38.285141	179.377686	34.143551	176.138474	26.593430	175.231934
651.052063	38.632969	176.844543	34.248981	176.463089	26.448879	175.155624
651.926880	38.918480	176.925995	34.397430	176.840012	26.531130	174.990326
652.801636	38.833439	176.604095	34.202728	177.027710	26.685949	175.587692
653.676392	38.533741	178.748718	34.233620	176.534134	26.679890	176.314621
654.551147	38.335079	177.707123	34.193390	176.662460	26.872431	176.130371
655.425903	39.204769	177.120377	34.170731	177.330093	26.954710	176.717667
656.300659	38.270199	178.226196	34.488480	177.080978	26.620781	176.093124
657.175476	38.252281	178.139084	34.175720	177.356567	26.638241	177.119293
658.050232	39.323608	178.260208	34.182869	177.448715	26.787029	177.500031
658.924988	38.905602	177.384628	34.348251	177.628754	26.640539	177.056931
659.799744	38.706230	177.287766	34.273232	177.823242	26.638769	177.217987
660.674500	38.465759	178.146744	34.493561	177.965485	26.704580	177.893326
661.549316	38.656029	178.357483	34.538830	178.102463	26.710630	178.663300
662.424072	39.220661	177.979340	34.381760	178.202301	26.607349	178.667053
663.298828	38.512489	178.027832	34.416420	178.280640	26.564699	178.233261
664.173584	38.732391	179.508789	34.372471	178.774643	26.759970	179.168793
665.048340	39.486969	179.067627	34.378281	178.867004	27.028410	179.003403
665.923096	38.415840	179.538925	34.518822	178.954941	26.585711	179.081299
666.797913	38.935619	177.572296	34.446442	178.645584	26.766809	179.498337
667.672668	38.553829	180.097702	34.369770	179.311142	26.768530	180.254639
668.547424	39.278728	179.336716	34.390800	179.459305	26.647230	180.151230
669.422180	38.893879	179.362625	34.480492	179.048508	26.716511	180.564774
670.296936	38.675732	178.532471	34.458649	179.121628	26.572611	181.441391
671.171753	38.450989	179.195343	34.496479	179.406815	26.832479	181.238861
672.046509	39.742279	179.449478	34.213268	179.717514	26.901979	181.192551
672.921265	39.137421	178.749817	34.485489	180.094315	26.676680	181.395157
673.796021	39.228710	179.444321	34.459980	180.379639	26.787701	181.465836
674.670776	38.295292	179.151016	34.146149	180.313904	26.800180	182.068024
675.545593	39.178532	178.136307	34.417610	180.582352	26.777010	181.820648
676.420349	38.492920	179.243149	34.316830	180.242981	26.928530	182.929718
677.295105	38.769211	179.384857	34.593639	180.632492	26.782301	181.970978
678.169861	38.265911	179.838104	34.498699	181.361450	26.772829	183.524658
679.044617	38.852551	180.648575	34.374870	180.711533	27.048059	183.592545
679.919373	39.133961	179.791718	34.391720	181.064301	27.116690	183.924667
680.794189	38.637291	180.302811	34.224312	180.988327	26.900280	183.579849
681.668945	38.541599	179.443268	34.159081	182.004257	26.948811	184.510559
682.543701	38.987961	180.115967	34.610279	181.465622	26.740200	184.426346
683.418457	38.763802	178.808929	34.323021	181.156708	26.968309	185.156174
684.293213	39.032391	180.590408	34.393539	181.400467	26.922171	184.748260
685.168030	39.167671	180.580368	34.236431	181.662811	27.243601	185.336075
686.042786	38.633801	181.571228	34.414959	181.621536	26.795170	185.733185
686.917542	38.777760	180.540283	34.413780	181.845398	26.660891	185.216965
687.792297	39.018391	180.774033	34.448540	182.388565	26.608931	185.853348
688.667053	39.030220	181.402176	34.434410	182.272797	26.925819	186.208160
689.541870	39.116692	180.066696	34.432011	182.636627	26.872589	187.166672
690.416626	38.347179	180.306168	34.676090	182.564072	26.667150	186.770096
691.291382	38.137272	180.637573	34.458881	182.832855	26.794729	186.861115
692.166138	38.913288	178.948990	34.464069	183.174133	26.887131	187.434464
693.040894	38.897129	179.160095	34.483170	182.599762	26.871120	187.583298
693.915649	39.152592	181.266296	34.431389	183.316910	26.671770	187.330444
694.790466	38.650452	180.406952	34.474880	182.835037	26.737761	188.237976
695.665222	37.914421	182.842896	34.430531	182.888870	26.604601	187.895493
696.539978	38.941799	180.554581	34.393890	183.721390	26.809490	188.400757
697.421143	38.475430	181.794495	34.303070	184.286179	26.814159	188.614349
698.302368	39.107109	183.187775	34.328220	183.905731	26.636339	189.427475
699.183533	38.134850	180.638550	34.411800	184.193924	26.745960	188.905716
700.064697	38.841740	181.530472	34.333561	183.873901	26.803410	189.225037
700.945923	38.491211	183.055435	34.427540	184.236084	26.878370	189.712997
701.827087	39.229240	181.907791	34.480721	184.312637	26.693609	189.813858
702.708252	38.871220	182.088974	34.150959	184.384583	26.928749	190.216171
703.589478	38.883209	183.575409	34.539558	184.289368	26.576429	190.771469
704.470642	38.270908	181.043472	34.414730	185.016312	26.765650	190.400589
705.351807	38.347561	182.666122	34.475498	184.866730	26.635429	190.755478
706.233032	39.160309	181.180664	34.738140	184.846664	26.817890	190.786407
707.114197	37.991482	182.997162	34.429600	184.978241	26.674940	192.017487
707.995361	38.563309	183.038864	34.173149	184.904633	26.672211	191.112457
708.876587	38.864311	182.196762	34.280849	185.284622	26.604401	191.798889
709.757751	38.667179	182.590897	34.243000	185.230194	26.613041	191.659439
710.638916	39.062481	182.708817	34.323738	185.338852	26.641729	192.929245
711.520142	38.757099	182.762299	34.646320	185.708847	26.752199	192.637741
712.401306	38.206402	182.301056	34.450352	185.469360	26.744209	192.576035
713.282471	39.271042	182.093903	34.304390	186.090683	26.542120	193.851685
714.163696	38.392151	182.055603	34.281139	186.509415	26.957380	193.129974
715.044861	38.098881	183.437119	34.204590	185.984863	26.963381	193.146225
715.926025	37.542049	185.401230	34.378429	186.779327	26.817080	193.644485
716.807251	38.231758	183.374924	34.460220	186.628799	26.809540	194.648453
717.688416	39.654480	183.019409	34.305248	186.425156	26.456890	194.541107
718.569580	39.168331	181.949875	34.392750	187.030853	26.490021	194.190842
719.450806	39.336121	181.033661	34.575069	187.109283	26.651569	194.509781
720.331970	37.429489	181.759277	34.238880	186.933868	26.283110	194.506943
721.213135	38.333069	182.154709	34.304459	187.084351	26.552641	195.023804
722.094360	37.494228	184.287506	34.418152	187.454300	26.628349	195.732178
722.975525	37.964642	183.828445	33.836170	187.051117	26.596840	195.330887
723.856689	38.689838	185.026672	34.051628	186.987427	26.468611	195.915009
724.737915	37.463600	185.371490	34.367210	186.288971	26.663240	195.449219
725.619080	38.741951	180.931610	33.996250	187.633514	26.516109	196.239456
726.500244	38.745701	183.320694	34.085529	186.762573	26.719959	196.595932
727.381470	38.262169	185.266891	34.429180	187.638611	26.494400	196.600922
728.262634	39.100670	185.313065	34.219521	187.662430	26.529510	196.476776
729.143799	38.206211	185.716202	34.189571	187.794617	26.575769	197.440155
730.025024	38.465069	183.411865	34.087898	187.976898	26.771860	197.222397
730.906189	39.004131	184.887024	33.899940	188.408554	26.696810	196.959625
731.787354	38.171329	183.409393	33.962460	188.977020	26.616480	197.980103
732.668518	38.274551	184.629379	33.964451	188.626968	26.390209	198.055206
733.549744	37.799000	183.789597	34.214722	188.985413	26.450991	198.332092
734.430908	38.272381	181.332672	34.056129	188.565262	26.250080	198.025894
735.312073	38.483601	182.576019	33.997471	189.045776	26.320221	198.958008
736.193298	38.017948	183.825211	33.961868	189.482803	26.449909	198.631470
737.074463	38.685341	184.928925	34.191231	189.250061	26.265579	198.925323
737.955627	38.669861	183.759293	34.006641	189.212814	26.410709	199.558105
738.836853	38.600220	183.995575	33.959030	188.948502	26.451460	199.873642
739.718018	38.999981	184.722519	34.171391	189.817657	26.352880	200.502136
740.599182	38.446602	185.574844	34.047329	190.100464	26.493759	199.796921
741.480408	39.049809	184.891663	33.946159	189.899002	26.551460	200.400162
742.361572	38.783058	184.542709	33.630482	190.400131	26.133350	200.075607
743.242737	38.526501	184.429916	33.967491	190.666580	26.348789	200.895538
744.123962	39.636360	184.542786	34.279301	189.567841	26.624331	200.574112
745.005127	37.923660	186.132187	34.185131	190.442490	26.483910	201.200302
745.886292	38.877171	186.937332	34.161781	190.718338	26.408119	201.311890
746.767517	39.266411	186.141678	34.171951	190.382874	26.706579	201.228607
747.648682	38.501461	188.099136	33.895760	191.015518	26.748640	201.675980
748.529846	38.292419	185.225922	34.091949	190.448013	26.362869	202.848663
749.411072	37.711529	184.606781	34.297501	190.663254	26.341570	202.522446
750.292236	39.755630	186.778214	34.259682	190.498627	26.526091	203.325943
751.173401	37.631451	187.403275	34.239460	191.317535	26.301979	202.757721
752.054626	41.518131	185.900223	33.627781	190.978104	26.585979	203.066742
752.935791	37.826199	184.886749	34.217369	191.747849	26.508440	203.097641
753.816956	38.392799	182.896347	34.113701	190.344894	26.258980	202.907623
754.698181	39.421101	187.266739	34.096180	191.681335	26.315599	203.967438
755.579346	38.344200	185.099701	34.322620	192.270752	26.572309	203.627228
756.460510	39.388000	186.755081	34.063740	191.770630	26.285521	204.462738
757.341736	38.005661	185.811432	34.116840	191.172806	26.458549	204.078308
758.222900	38.400311	185.665894	34.093830	191.898849	26.276060	204.462616
759.104065	39.820210	185.383621	33.957321	192.261551	26.229000	204.790543
759.985291	37.253971	189.790726	33.784050	193.161102	26.126169	205.155228
760.866455	38.158329	185.502213	33.946812	192.112274	26.428379	204.373947
761.747620	40.070580	187.766190	34.100170	192.834824	26.561050	205.387039
762.628845	38.585091	188.878448	33.910568	192.720352	26.367270	205.630859
763.510010	38.340408	190.355209	34.017799	192.195877	26.400841	205.524048
764.367493	39.032379	188.187729	33.970039	192.269852	26.083420	206.091278
765.225037	39.265751	184.250198	34.013611	193.509460	26.075510	206.759262
766.082520	37.466839	185.903793	33.386108	193.963837	26.111019	207.691666
766.940002	39.689140	187.688721	33.867161	192.399460	25.904369	206.520691
767.797485	37.908730	185.976974	33.692120	193.582230	26.423309	206.922379
768.655029	37.999352	186.570541	33.899818	194.048965	26.244801	207.676346
769.512512	37.815971	187.086212	33.553322	193.835373	26.136950	205.350174
770.369995	38.374821	189.227509	34.168919	193.826309	26.173161	207.575989
771.227539	36.332981	182.091812	34.105370	194.625900	26.514009	206.723312
772.085022	38.883671	187.427246	33.661480	194.183823	26.352840	208.132736
772.942505	38.458172	187.191193	33.385078	193.834396	25.814680	207.910950
773.799988	37.234390	182.699036	33.656139	194.065094	26.390791	207.224609
774.657532	38.759171	186.896805	34.040520	194.376938	26.356581	208.927505
775.515015	37.407631	183.159027	33.905991	193.941299	26.134041	209.453781
776.372498	37.731720	191.889420	33.488949	194.088959	26.230619	208.725082
777.230042	37.919781	189.971146	33.822868	194.718018	26.246811	208.704880
778.087524	38.684231	187.542511	33.511379	194.987610	26.463430	209.262131
778.945007	40.679482	187.073318	33.309761	195.811478	25.933880	209.064667
779.802490	36.748539	183.532974	33.661221	195.301254	26.262529	209.053558
780.660034	37.152691	188.671814	34.196442	195.197281	26.726789	209.790634
781.517517	37.543442	187.225555	33.455269	195.537430	26.296221	210.559891
782.375000	38.284981	187.689758	33.777561	194.825058	25.986679	209.289322
783.232544	36.965210	188.945038	33.256451	195.452972	26.045309	209.932968
784.090027	37.354919	195.068802	33.745312	195.383392	26.328449	210.297348
784.947510	37.833019	193.803055	33.012859	194.988678	26.137541	209.918945
785.804993	37.746639	190.446655	33.477539	196.180481	26.315680	210.555573
786.662537	36.841240	188.964890	33.438690	195.405518	26.181089	210.715683
787.520020	37.481541	191.649704	33.243370	195.491852	26.095310	210.896149
788.377502	38.902309	193.392914	33.656490	195.750168	25.465340	212.044418
789.235046	36.394260	186.653152	34.071400	195.893738	25.852440	211.225204
790.092529	35.794460	190.379700	33.487961	196.108337	25.819220	211.515274
790.950012	36.260490	189.560501	33.583260	196.416229	26.072630	212.475388
791.807495	38.866112	183.876282	33.540951	196.389923	25.901140	212.317978
792.665039	38.750549	191.527145	33.664059	196.819595	26.205820	211.587448
793.522522	35.581051	187.593521	33.604939	196.941528	26.132080	212.496338
794.380005	40.367069	188.702423	33.317879	197.532791	25.930950	212.402084
795.237549	36.936131	185.947556	33.210121	197.562195	25.873039	212.886536
796.095032	36.811840	189.815338	33.604420	196.700012	26.536989	212.892380
796.952515	36.813889	190.737991	33.225349	197.087524	26.131460	213.480881
797.809998	39.212002	191.864655	33.437160	197.949982	26.238079	213.400986
798.667542	38.244511	190.418686	33.192699	197.352463	25.836100	213.771454
799.525024	38.788910	195.430054	33.012630	198.165604	25.843750	212.886536
;pattern=*****
;lines
;linecolor=000080
;linewidth=1
;marker=0
;markerborder=0
;markercolor=ff
;
; Stylerecord: No. 1
;Marker[1]=0
;MarkerWidth[1]=0.0
;MarkerBorder[1]=black
;MarkerColor[1]=white
;lines[1]=1
;LineColor[1]=black
;LineWidth[1]=0.0
;Pattern[1]=*****--*--
; Stylerecord: No. 2
;Marker[2]=0
;MarkerWidth[2]=0.0
;MarkerBorder[2]=black
;MarkerColor[2]=white
;lines[2]=1
;LineColor[2]=black
;LineWidth[2]=0.0
;Pattern[2]=**
; Stylerecord: No. 3
;Marker[3]=0
;MarkerWidth[3]=0.0
;MarkerBorder[3]=black
;MarkerColor[3]=white
;lines[3]=1
;LineColor[3]=black
;LineWidth[3]=0.0
;Pattern[3]=*-
; Stylerecord: No. 4
;Marker[4]=0
;MarkerWidth[4]=0.0
;MarkerBorder[4]=black
;MarkerColor[4]=white
;lines[4]=1
;LineColor[4]=black
;LineWidth[4]=0.0
;Pattern[4]=**--
; Stylerecord: No. 5
;Marker[5]=0
;MarkerWidth[5]=0.0
;MarkerBorder[5]=black
;MarkerColor[5]=white
;lines[5]=1
;LineColor[5]=black
;LineWidth[5]=0.0
;Pattern[5]=***-*-
; Stylerecord: No. 6
;Marker[6]=0
;MarkerWidth[6]=0.0
;MarkerBorder[6]=black
;MarkerColor[6]=white
;lines[6]=1
;LineColor[6]=black
;LineWidth[6]=0.0
;Pattern[6]=**-*-
456.349762	28.976730	165.726715	20.913010	151.818192	13.073040	114.629150
464.040924	29.371571	165.115265	21.534769	151.173294	13.835920	115.542503
471.732086	29.899651	164.503876	22.336161	150.646027	14.770460	116.920731
479.423248	30.486019	164.152695	23.183090	150.574799	15.679710	118.836594
487.114410	31.128250	163.926392	24.096399	150.717667	16.648701	120.987129
494.805603	31.820869	163.819275	25.073709	151.050095	17.689369	123.321930
502.496765	32.519699	163.971985	26.040400	151.762970	18.686769	126.011948
510.187927	33.182259	164.321533	26.947809	152.729355	19.611071	128.841675
517.879089	33.786839	164.799545	27.773020	153.836075	20.451490	131.662048
525.570251	34.337189	165.371094	28.523760	155.040161	21.219299	134.463257
533.261414	34.835739	166.003326	29.205200	156.298599	21.922689	137.216522
540.952576	35.285019	166.646881	29.823481	157.539246	22.575010	139.834717
548.704346	35.697060	167.298416	30.394831	158.766876	23.192060	142.355911
556.577209	36.081211	167.968628	30.931070	160.006226	23.783251	144.841110
564.450134	36.442261	168.661407	31.438271	161.268021	24.353451	147.320297
572.323059	36.795761	169.400330	31.938210	162.598007	24.927580	149.890350
580.195923	37.126610	170.186096	32.407471	163.994125	25.472570	152.537247
588.068848	37.402699	171.001205	32.796310	165.421204	25.917400	155.182495
595.941772	37.624531	171.827332	33.105061	166.852432	26.260860	157.792648
603.814636	37.822418	172.647064	33.381222	168.268127	26.572321	160.362503
611.687561	38.003490	173.457687	33.635521	169.665878	26.866390	162.893585
619.560486	38.163078	174.267685	33.859600	171.059509	27.128040	165.407867
627.433350	38.299671	175.085831	34.050171	172.464111	27.350140	167.932693
635.306274	38.413212	175.903412	34.207050	173.865723	27.532129	170.445633
643.179199	38.504261	176.715851	34.330860	175.257233	27.674210	172.936020
651.052063	38.572971	177.521057	34.421490	176.635605	27.775320	175.399948
658.924988	38.618889	178.318253	34.477879	177.999863	27.832960	177.837082
666.797913	38.639660	179.109695	34.495800	179.354050	27.839720	180.255692
674.670776	38.637001	179.891373	34.477879	180.691910	27.799370	182.646835
682.543701	38.617580	180.652969	34.435009	181.996796	27.728729	184.982727
690.416626	38.584518	181.390076	34.372131	183.261414	27.635059	187.250854
698.302368	38.539169	182.102295	34.291248	184.485168	27.520950	189.450455
706.233032	38.480751	182.792435	34.190929	185.672897	27.383739	191.590622
714.163696	38.407688	183.453796	34.068520	186.813034	27.218660	193.651642
722.094360	38.321918	184.085129	33.927021	187.903625	27.029890	195.630676
730.025024	38.231720	184.689133	33.779819	188.949432	26.837971	197.534821
737.955627	38.141590	185.262894	33.634190	189.945343	26.653400	199.353195
745.886292	38.053848	185.810257	33.493771	190.897705	26.481359	201.095596
753.816956	37.971088	186.336060	33.362659	191.814606	26.327860	202.774399
761.747620	37.894920	186.850311	33.243469	192.712952	26.197180	204.417694
769.512512	37.832481	187.348755	33.147690	193.584686	26.105829	206.005646
777.230042	37.782139	187.844131	33.072708	194.451462	26.050520	207.575485
784.947510	37.736080	188.344513	33.005859	195.327377	26.012659	209.154846
792.665039	37.693699	188.857819	32.946320	196.225876	25.991930	210.766144
